0.004982
0.007829
0.000172
0.000342
0.000115
0.001219
0.000351
0.000132
0.001218
0.000083
0.000074
0.000138
0.000623
0.000323
0.000160
0.000623
0.001774
0.000179
0.000079
0.001926
0.000550
0.001007
0.000296
0.000456
0.000186
0.000811
0.000182
0.000881
0.000971
0.000128
0.000796
0.000811
0.006534
0.000074
0.000089
0.000634
0.000615
0.000074
0.000660
0.000153
0.000766
0.000570
0.000275
0.001194
0.000227
0.000097
0.000074
0.000306
0.000223
0.001636
0.000196
0.002329
0.000237
0.000534
0.000130
0.000849
0.000204
0.000074
0.000095
0.000579
0.000439
0.001942
0.000846
0.000106
0.000234
0.000138
0.001092
0.001144
0.001534
0.000930
0.000549
0.000168
0.000658
0.000169
0.000240
0.000262
0.000075
0.000212
0.001177
0.000339
0.001688
0.000417
0.000339
0.000309
0.000080
0.000510
0.001128
0.000117
0.000364
0.000074
0.000134
0.001060
0.001641
0.000379
0.001062
0.000164
0.000334
0.001313
0.000074
0.000455
0.000074
0.000148
0.000106
0.000611
0.000346
0.000921
0.000142
0.000964
0.001161
0.000211
0.000083
0.000940
0.000075
0.001399
0.000074
0.000374
0.000138
0.000076
0.000206
0.000539
0.000391
0.000395
0.000135
0.000320
0.000074
0.000078
0.000179
0.000368
0.000182
0.003131
0.000106
0.000085
0.000074
0.000096
0.000264
0.000074
0.000236
0.000176
0.000398
0.000503
0.000074
0.000138
0.001165
0.000690
0.000673
0.000213
0.000074
0.000166
0.000470
0.000074
0.000657
0.000328
0.001286
0.000574
0.000074
0.000553
0.000078
0.000787
0.000229
0.000624
0.000201
0.000314
0.000566
0.001130
0.000271
0.000986
0.000322
0.001107
0.000236
0.000234
0.001134
0.000074
0.000074
0.000386
0.000632
0.000144
0.000074
0.000138
0.000148
0.000080
0.000374
0.000187
0.000080
0.000080
0.000080
0.000080
0.000080
0.000080
0.000080
0.000080
0.000080
0.000080
0.000080
0.000080
0.000080
0.000080
0.002692
0.000080
0.000080
0.000080
0.000080
0.000080
0.000080
0.000080
0.000080
0.000080
0.000080
0.000080
0.000080
0.000866
0.000866
0.000866
0.000866
0.000866
0.000080
0.000080
0.000080
0.000080
0.000080
0.000080
0.000080
0.000080
0.000080
0.000080
0.000080
0.000080
0.000080
0.000080
0.000685
0.000080
0.000080
0.000080
0.000080
0.000080
0.000080
0.000080
0.000080
0.000080
0.000080
0.000080
0.000080
0.000080
0.000080
0.000080
0.000080
0.000080
0.000080
0.000080
0.000080
0.000080
0.000080
0.000080
0.000080
0.000080
0.000080
0.000074
0.000074
0.000077
0.000201
0.000074
0.000074
0.000074
0.000074
0.000074
0.000299
0.000074
0.000074
0.000074
0.000074
0.000074
0.000074
0.000074
0.000074
0.000074
0.000074
0.000074
0.000214
0.000214
0.000214
0.000214
0.000214
0.000214
0.000214
0.000074
0.000205
0.000205
0.000205
0.000226
0.000205
0.000226
0.000074
0.000267
0.000267
0.000165
0.000205
0.000205
0.000680
0.000205
0.000205
0.000205
0.000205
0.000205
0.000205
0.000205
0.000205
0.000205
0.000205
0.000205
0.000205
0.000205
0.000205
0.000205
0.000205
0.000205
0.000205
0.000205
0.000205
0.000205
0.000205
0.000205
0.000205
0.000205
0.000205
0.000205
0.000205
0.000205
0.000205
0.000504
0.000218
0.000205
0.003972
0.000205
0.000074
0.000074
0.000074
0.000074
0.000074
0.000074
0.000074
0.000074
0.000074
0.000074
0.000074
0.000074
0.000074
0.000074
0.000074
0.000074
0.000074
0.002998
0.000074
0.000122
0.000074
0.000710
0.001138
0.001448
0.000225
0.000219
0.000338
0.000338
0.000338
0.000267
0.000327
0.000225
0.000439
0.000085
0.000074
0.000074
0.000348
0.000348
0.000266
0.000977
0.000977
0.000225
0.000341
0.000341
0.000266
0.000348
0.000341
0.001298
0.000074
0.000074
0.000074
0.000074
0.000074
0.000074
0.000078
0.000074
0.000074
0.000074
0.000074
0.000074
0.000074
0.000074
0.000074
0.000074
0.000074
0.000074
0.000074
0.000074
0.000074
0.000127
0.000074
0.000074
0.000074
0.001025
0.000135
0.000135
0.000135
0.000155
0.000135
0.000149
0.000135
0.000135
0.000135
0.000135
0.000135
0.000310
0.000310
0.002271
0.000354
0.000074
0.000074
0.000074
0.000074
0.000074
0.000074
0.000074
0.000074
0.000074
0.000074
0.000074
0.000074
0.000074
0.000074
0.000074
0.000074
0.000074
0.000074
0.000074
0.000074
0.000074
0.000074
0.000074
0.000074
0.000074
0.000074
0.000074
0.000074
0.004227
0.001551
0.001151
0.000545
0.000536
0.000088
0.000590
0.000143
0.000737
0.000737
0.002495
0.002986
0.000074
0.000074
0.000074
0.000074
0.000074
0.000074
0.000074
0.000074
0.000074
0.000074
0.000074
0.000199
0.000094
0.000094
0.000094
0.000094
0.000084
0.000084
0.000084
0.000141
0.000084
0.000141
0.000084
0.000080
0.000135
0.000599
0.000082
0.000088
0.000088
0.000074
0.000074
0.000222
0.000074
0.000074
0.000074
0.000074
0.000074
0.000074
0.000074
0.000074
0.000074
0.000074
0.000074
0.000074
0.000074
0.000074
0.000074
0.000074
0.000074
0.000074
0.000118
0.000079
0.000078
0.000078
0.000078
0.000078
0.000078
0.000078
0.000078
0.000078
0.000083
0.000078
0.000078
0.000078
0.000125
0.001693
0.000074
0.000077
0.000471
0.000074
0.000074
0.000074
0.000140
0.000180
0.000180
0.000180
0.000185
0.000185
0.000185
0.000185
0.000178
0.000185
0.000185
0.000834
0.000074
0.000074
0.000074
0.000579
0.000074
0.000074
0.000074
0.000074
0.000074
0.000106
0.000074
0.000110
0.000074
0.000074
0.000074
0.000140
0.000074
0.000074
0.000074
0.000074
0.000097
0.000074
0.000074
0.000074
0.000327
0.000176
0.000226
0.000118
0.000074
0.000176
0.000074
0.000276
0.000074
0.000219
0.000172
0.000074
0.000357
0.000110
0.000074
0.000163
0.000357
0.000498
0.000074
0.000074
0.000074
0.000563
0.000074
0.000074
0.000074
0.000074
0.000074
0.000363
0.000090
0.000090
0.000074
0.000074
0.000932
0.000090
0.001009
0.000074
0.000407
0.000074
0.000074
0.000074
0.000657
0.000077
0.000074
0.000074
0.000074
0.000074
0.000074
0.000074
0.000074
0.000074
0.000074
0.000506
0.000074
0.000074
0.000074
0.000074
0.003403
0.003990
0.000447
0.002757
0.000121
0.000121
0.000126
0.000446
0.000081
0.000081
0.000076
0.000121
0.000132
0.000459
0.000447
0.000446
0.000451
0.001267
0.000451
0.000126
0.000451
0.000447
0.001460
0.000776
0.001355
0.001302
0.000776
0.000086
0.000086
0.000086
0.000086
0.000086
0.000086
0.000086
0.000107
0.000086
0.000086
0.000086
0.000074
0.000086
0.000086
0.000086
0.000086
0.000086
0.000086
0.000086
0.000086
0.000086
0.000086
0.000086
0.000086
0.000086
0.000086
0.000086
0.000086
0.000086
0.000086
0.000086
0.000086
0.000086
0.000086
0.000086
0.000086
0.000086
0.000086
0.000074
0.000086
0.000086
0.000132
0.000121
0.000121
0.000074
0.000986
0.000074
0.000074
0.000074
0.000074
0.000074
0.000074
0.000074
0.000074
0.000074
0.000079
0.000074
0.000074
0.000074
0.000074
0.000122
0.000074
0.003228
0.007015
0.000849
0.000074
0.000074
0.000074
0.000074
0.000074
0.000074
0.000074
0.000074
0.000074
0.000074
0.000074
0.000074
0.000074
0.000074
0.000074
0.000074
0.000074
0.000074
0.000074
0.000074
0.000074
0.000074
0.000074
0.000074
0.000074
0.000074
0.000074
0.000101
0.000074
0.000074
0.000074
0.000074
0.000074
0.000074
0.000074
0.000074
0.000074
0.000074
0.000074
0.000074
0.000074
0.000074
0.000074
0.000074
0.000074
0.000074
0.000074
0.000074
0.000074
0.000074
0.000074
0.000074
0.000074
0.000074
0.000074
0.000074
0.000074
0.000074
0.000074
0.000074
0.000074
0.000074
0.000074
0.000074
0.000074
0.000074
0.000074
0.000138
0.000138
0.000138
0.000138
0.000138
0.000138
0.000138
0.000138
0.000138
0.000138
0.000138
0.000138
0.000138
0.000074
0.000074
0.000074
0.000074
0.000074
0.000074
0.000074
0.000074
0.000074
0.000074
0.000074
0.000074
0.000074
0.000074
0.000074
0.000074
0.000074
0.000111
0.000312
0.000111
0.000074
0.000074
0.000074
0.000074
0.000074
0.000074
0.000074
0.000074
0.000074
0.000074
0.000074
0.000074
0.000074
0.000074
0.000074
0.000074
0.000074
0.000074
0.000074
0.000074
0.001222
0.000101
0.000101
0.000101
0.000101
0.000101
0.000101
0.000101
0.000101
0.000101
0.000101
0.000315
0.000101
0.000501
0.000101
0.000101
0.000101
0.000101
0.000101
0.000101
0.000074
0.000101
0.000101
0.000101
0.000101
0.000101
0.000101
0.000101
0.000101
0.000101
0.000101
0.000101
0.000101
0.000101
0.000187
0.000101
0.000101
0.000101
0.000101
0.000114
0.000101
0.000101
0.000101
0.000101
0.000101
0.000101
0.000101
0.000101
0.000101
0.000101
0.000133
0.000157
0.005408
0.001975
0.000101
0.000101
0.000101
0.000074
0.000074
0.000074
0.000074
0.000074
0.000074
0.000074
0.000074
0.000074
0.000074
0.000074
0.000074
0.000074
0.000074
0.000074
0.000074
0.000074
0.000074
0.000074
0.000074
0.000074
0.000074
0.000074
0.000074
0.000074
0.000074
0.000074
0.000074
0.000074
0.000074
0.000157
0.000125
0.000179
0.000074
0.000074
0.000074
0.000074
0.000074
0.000074
0.000074
0.000074
0.000074
0.000074
0.000074
0.000074
0.000074
0.000074
0.000074
0.000178
0.000074
0.000074
0.000079
0.003312
0.000079
0.000074
0.000074
0.000079
0.000074
0.000074
0.000074
0.000077
0.000077
0.000077
0.000077
0.000077
0.000077
0.000077
0.000077
0.000077
0.000077
0.000077
0.000077
0.000098
0.000077
0.000077
0.000077
0.000077
0.000077
0.000092
0.000077
0.000077
0.000113
0.000077
0.000074
0.000077
0.000077
0.000077
0.000077
0.000098
0.000077
0.000074
0.000074
0.000079
0.000074
0.000074
0.000074
0.000074
0.000074
0.000074
0.000074
0.000074
0.000074
0.000074
0.000074
0.000074
0.000074
0.000074
0.000074
0.000079
0.000074
0.000074
0.000079
0.000074
0.000074
0.000079
0.000074
0.000074
0.000074
0.000074
0.000074
0.000074
0.000074
0.000074
0.000074
0.000074
0.000074
0.000074
0.000074
0.000074
0.000074
0.000074
0.000074
0.000074
0.000074
0.000074
0.000074
0.000074
0.000074
0.000074
0.000074
0.000074
0.000074
0.000079
0.000074
0.000074
0.000074
0.000074
0.000074
0.003390
0.000074
0.000074
0.000074
0.000074
0.000074
0.000074
0.000074
0.000074
0.000074
0.000074
0.000074
0.000074
0.000074
0.000074
0.000074
0.000074
0.000074
0.000074
0.000074
0.000074
0.000074
0.000079
0.000074
0.000074
0.000074
0.000074
0.000074
0.000074
0.000074
0.000079
0.000074
0.000074
0.000074
0.000079
0.000074
0.000074
0.000074
0.000074
0.000074
0.000074
0.000531
0.000242
0.000233
0.000230
0.000242
0.000242
0.000230
0.000198
0.000074
0.000191
0.000074
0.000074
0.000074
0.000074
0.000191
0.000191
0.000191
0.000191
0.000074
0.000074
0.000074
0.000074
0.000074
0.000074
0.000074
0.000074
0.000074
0.000074
0.000074
0.000074
0.000074
0.000074
0.000074
0.000074
0.000074
0.000074
0.000074
0.000074
0.000074
0.000074
0.000074
0.000074
0.000074
0.000074
0.000074
0.000074
0.000542
0.000074
0.000074
0.000074
0.000074
0.000074
0.000074
0.000074
0.000074
0.000074
0.000074
0.000074
0.000074
0.000074
0.000074
0.000074
0.000074
0.000074
0.000074
0.000074
0.000074
0.000074
0.000074
0.000074
0.000074
0.000074
0.000074
0.004430
0.000074
0.000074
0.000074
0.000074
0.000074
0.000074
0.000074
0.000074
0.000074
0.000074
0.000074
0.000074
0.000074
0.000074
0.000074
0.000074
0.000074
0.000074
0.000074
0.000074
0.000074
0.000074
0.000074
0.000074
0.000074
0.000074
0.000074
0.000074
0.000141
0.000141
0.000141
0.000141
0.000141
0.000138
0.000074
0.000074
0.000074
0.000095
0.000095
0.000074
0.000074
0.000074
0.000074
0.000074
0.000074
0.000074
0.000074
0.000081
0.007915
0.002765
0.002774
0.004045
0.004728
0.000308
0.000929
0.002662
0.000081
0.000081
0.000092
0.000929
0.000081
0.000081
0.000081
0.000081
0.000081
0.002045
0.000095
0.000081
0.000088
0.000088
0.000088
0.000081
0.000088
0.000081
0.000081
0.000081
0.000081
0.000081
0.000081
0.000079
0.000079
0.000079
0.000079
0.000079
0.000079
0.000079
0.000079
0.000079
0.000079
0.000079
0.000079
0.000079
0.000079
0.000079
0.000079
0.000079
0.000079
0.000079
0.000079
0.000079
0.000079
0.000079
0.000079
0.000079
0.000079
0.000079
0.000079
0.000079
0.000079
0.000079
0.000079
0.000079
0.000079
0.000079
0.000079
0.000079
0.000079
0.000079
0.000079
0.000079
0.000079
0.000079
0.000079
0.000079
0.000079
0.000079
0.000079
0.000079
0.000079
0.000079
0.000089
0.000330
0.000081
0.000074
0.000074
0.000074
0.000074
0.000074
0.000074
0.000074
0.000074
0.000074
0.000074
0.000074
0.000074
0.000074
0.000074
0.000074
0.000127
0.000074
0.000188
0.000074
0.000074
0.000074
0.000074
0.000074
0.000074
0.000074
0.000074
0.000074
0.000074
0.000141
0.000074
0.000074
0.000074
0.000074
0.000074
0.000074
0.000074
0.000074
0.000074
0.000074
0.000074
0.000074
0.000074
0.000074
0.000074
0.000074
0.000074
0.000074
0.000074
0.000074
0.000074
0.000074
0.000074
0.000074
0.000074
0.000263
0.000074
0.000074
0.000074
0.000074
0.000074
0.001097
0.000085
0.000074
0.004274
0.000074
0.000087
0.000074
0.000106
0.000074
0.000074
0.000074
0.000074
0.000074
0.000074
0.000074
0.000487
0.000487
0.000226
0.000074
0.000074
0.000074
0.000089
0.000074
0.000074
0.000074
0.000074
0.000074
0.000190
0.000074
0.000074
0.000074
0.000074
0.000074
0.000074
0.000074
0.000277
0.000119
0.000119
0.000119
0.000119
0.001174
0.000119
0.001044
0.000119
0.000119
0.000140
0.000119
0.000119
0.000119
0.000119
0.000119
0.000119
0.000119
0.001044
0.000119
0.000119
0.001066
0.000119
0.000119
0.000119
0.000119
0.000119
0.000119
0.000119
0.000119
0.000119
0.000119
0.000119
0.000119
0.000119
0.000119
0.000119
0.001066
0.000119
0.001066
0.000074
0.000074
0.000074
0.000074
0.000074
0.000074
0.000074
0.000074
0.000074
0.000074
0.000074
0.000074
0.000074
0.000074
0.000074
0.000074
0.000074
0.000074
0.000074
0.000074
0.000074
0.000074
0.000074
0.000074
0.000074
0.000074
0.000074
0.000074
0.000074
0.000074
0.000074
0.000074
0.000074
0.001765
0.000112
0.000112
0.000112
0.000112
0.000112
0.000171
0.000112
0.000112
0.000112
0.000171
0.000112
0.000112
0.000112
0.000334
0.000334
0.000334
0.000074
0.000074
0.000074
0.000074
0.000074
0.000074
0.000074
0.000074
0.000074
0.000074
0.000074
0.000074
0.000074
0.000074
0.000074
0.000074
0.000074
0.000074
0.000074
0.000074
0.000074
0.000074
0.000074
0.000074
0.000074
0.000175
0.000074
0.000175
0.000175
0.000074
0.000175
0.000074
0.000175
0.000074
0.000175
0.000074
0.000175
0.000074
0.000175
0.000074
0.000175
0.000074
0.000175
0.000074
0.000175
0.000175
0.000074
0.000175
0.000074
0.000175
0.000175
0.000074
0.000175
0.000175
0.000074
0.000175
0.000074
0.000175
0.000074
0.000175
0.000074
0.000175
0.000175
0.000074
0.000175
0.000074
0.000175
0.000074
0.000175
0.000175
0.000074
0.000175
0.000175
0.000074
0.000175
0.000074
0.000175
0.000175
0.000074
0.000175
0.000074
0.000175
0.000175
0.000175
0.000074
0.000175
0.000074
0.000175
0.000074
0.000175
0.000074
0.000175
0.000175
0.000175
0.000175
0.000207
0.000175
0.000175
0.000175
0.000175
0.000175
0.000175
0.000175
0.000175
0.000175
0.000175
0.000787
0.000811
0.000799
0.000811
0.000811
0.003458
0.003458
0.000112
0.000811
0.000811
0.000811
0.000503
0.000078
0.000074
0.000074
0.000089
0.000074
0.000074
0.000074
0.000074
0.000074
0.000074
0.000074
0.000074
0.000074
0.000074
0.000074
0.000074
0.000074
0.000074
0.000074
0.000074
0.000095
0.000095
0.000694
0.000074
0.000074
0.000074
0.000077
0.000569
0.000569
0.000569
0.000603
0.000572
0.000569
0.005084
0.000555
0.000555
0.000563
0.000089
0.000083
0.000083
0.000089
0.000089
0.000083
0.000089
0.000074
0.000074
0.000074
0.000074
0.000074
0.000074
0.000074
0.000074
0.000074
0.000074
0.000074
0.000074
0.000074
0.000074
0.000074
0.000074
0.000074
0.000074
0.000074
0.000074
0.000074
0.001538
0.000074
0.000074
0.000074
0.000074
0.000074
0.000074
0.000074
0.000074
0.000074
0.000074
0.000074
0.000074
0.000074
0.000074
0.000074
0.000074
0.000074
0.000074
0.000074
0.000074
0.000074
0.000074
0.000074
0.000074
0.000074
0.000074
0.000074
0.000074
0.000074
0.000074
0.000074
0.000074
0.000074
0.000074
0.000074
0.000074
0.000074
0.000074
0.000074
0.000259
0.000074
0.000074
0.000074
0.000074
0.000074
0.000074
0.000129
0.000074
0.000074
0.000116
0.000116
0.000116
0.000260
0.000074
0.000074
0.000074
0.000074
0.000074
0.000074
0.000074
0.000074
0.000074
0.000074
0.000260
0.000074
0.000074
0.000074
0.000074
0.000836
0.000074
0.000074
0.000856
0.000799
0.000074
0.000690
0.000836
0.000272
0.001862
0.000240
0.000074
0.000074
0.000856
0.000074
0.000856
0.000074
0.000074
0.000074
0.000074
0.000074
0.000074
0.000074
0.000074
0.000074
0.000081
0.000074
0.000074
0.000074
0.000074
0.000106
0.000074
0.000074
0.000074
0.000074
0.000074
0.000074
0.000074
0.000074
0.000074
0.000074
0.000074
0.000074
0.000074
0.000074
0.000074
0.000074
0.000074
0.000074
0.000074
0.000074
0.000074
0.000074
0.000074
0.000074
0.000074
0.000074
0.000074
0.000074
0.000074
0.000074
0.000074
0.000074
0.000074
0.000074
0.000074
0.000074
0.000074
0.000074
0.000074
0.000074
0.000074
0.000074
0.000074
0.000074
0.000074
0.000074
0.000074
0.000074
0.000074
0.000074
0.000074
0.000074
0.000074
0.000074
0.000074
0.000074
0.000074
0.000074
0.000074
0.000074
0.000074
0.000074
0.000074
0.000074
0.000074
0.000074
0.000074
0.000074
0.000074
0.000074
0.000074
0.000074
0.000074
0.000074
0.000074
0.000074
0.000080
0.000074
0.000074
0.000074
0.000080
0.000074
0.000074
0.000080
0.000074
0.000074
0.000074
0.000074
0.000080
0.000074
0.006965
0.000080
0.000080
0.000080
0.000074
0.000074
0.000074
0.000074
0.000074
0.000074
0.000080
0.000080
0.000080
0.000080
0.000074
0.000074
0.000187
0.003332
0.000606
0.000090
0.000074
0.000074
0.000237
0.000304
0.001787
0.001823
0.000074
0.000074
0.000074
0.000096
0.000074
0.000074
0.000074
0.000074
0.000074
0.000074
0.000074
0.000074
0.000074
0.000074
0.000074
0.000074
0.000074
0.000074
0.000074
0.000196
0.000196
0.000196
0.000196
0.000074
0.000074
0.000074
0.000074
0.000074
0.000074
0.000074
0.000074
0.000074
0.000074
0.000074
0.000074
0.000074
0.000074
0.000074
0.000074
0.000074
0.000074
0.000074
0.000074
0.000074
0.000074
0.000074
0.000074
0.000074
0.000074
0.001441
0.001782
0.001605
0.000201
0.000201
0.000201
0.000201
0.001074
0.000947
0.000201
0.000098
0.000201
0.000947
0.001410
0.000201
0.000201
0.000947
0.000124
0.000124
0.000098
0.000201
0.000201
0.000201
0.000201
0.000201
0.000201
0.000074
0.000074
0.001508
0.000074
0.000074
0.000074
0.000074
0.001090
0.000103
0.000118
0.000113
0.000117
0.000103
0.000074
0.000074
0.000074
0.000074
0.000074
0.000074
0.000074
0.000074
0.000074
0.000074
0.000074
0.000074
0.000074
0.000074
0.000074
0.000074
0.000074
0.000074
0.000074
0.000074
0.000074
0.000074
0.000074
0.000074
0.000137
0.000137
0.000137
0.000188
0.000095
0.000145
0.000079
0.000079
0.000079
0.000079
0.000078
0.000075
0.000075
0.000075
0.000075
0.000137
0.000128
0.000087
0.000087
0.000087
0.000087
0.000087
0.000087
0.000087
0.000087
0.000087
0.000087
0.000087
0.000087
0.000087
0.000087
0.000087
0.000087
0.000087
0.000128
0.000128
0.000128
0.000128
0.000128
0.000133
0.000133
0.000133
0.000128
0.000133
0.000128
0.000133
0.000126
0.000128
0.000126
0.000128
0.000128
0.000128
0.000128
0.000128
0.000128
0.000128
0.000128
0.000128
0.000128
0.000128
0.000191
0.000128
0.000128
0.000128
0.000128
0.000128
0.000128
0.000128
0.000128
0.000128
0.000128
0.000128
0.000128
0.000128
0.000128
0.000128
0.000074
0.000074
0.000074
0.000074
0.000074
0.000074
0.000074
0.000074
0.000074
0.000284
0.000074
0.000074
0.000074
0.000074
0.000074
0.000074
0.000074
0.000074
0.000074
0.000097
0.000095
0.000095
0.000074
0.000245
0.000074
0.000095
0.000305
0.000097
0.000106
0.000106
0.000074
0.000074
0.000074
0.000074
0.000074
0.000074
0.000074
0.000074
0.000074
0.000074
0.000896
0.000074
0.000074
0.000074
0.000074
0.002650
0.000074
0.000074
0.000074
0.000074
0.000074
0.000074
0.000074
0.000074
0.000074
0.000074
0.000074
0.000161
0.000074
0.000074
0.000074
0.000074
0.000074
0.000074
0.000074
0.000074
0.000074
0.000074
0.000074
0.000074
0.000074
0.000074
0.000074
0.000074
0.000074
0.000074
0.000074
0.000074
0.000074
0.000074
0.000074
0.000074
0.000074
0.000074
0.000074
0.000074
0.000074
0.000161
0.000138
0.000074
0.000074
0.000074
0.000074
0.000074
0.000077
0.000074
0.000074
0.000074
0.000074
0.000169
0.000074
0.000074
0.000082
0.000082
0.000082
0.000082
0.000082
0.000082
0.000082
0.000082
0.000082
0.000082
0.000082
0.000082
0.000082
0.000082
0.000082
0.000082
0.000082
0.000082
0.000082
0.000082
0.000082
0.000082
0.000082
0.000082
0.000082
0.000082
0.000082
0.000082
0.000082
0.000082
0.000082
0.000082
0.000082
0.000082
0.000082
0.000082
0.000082
0.000082
0.000082
0.000082
0.000082
0.000082
0.000082
0.000082
0.000082
0.000082
0.000082
0.000082
0.000082
0.000082
0.000082
0.000082
0.000082
0.000082
0.000082
0.000082
0.000082
0.000082
0.000082
0.000082
0.000082
0.000082
0.000082
0.000082
0.000082
0.000082
0.000082
0.000082
0.000082
0.000082
0.000082
0.000082
0.000082
0.000082
0.000082
0.000082
0.000082
0.000082
0.000082
0.000082
0.000082
0.000082
0.000082
0.000082
0.000082
0.000082
0.000082
0.000082
0.000082
0.000082
0.000082
0.000082
0.000082
0.000082
0.000082
0.000082
0.000082
0.000082
0.000082
0.000082
0.000082
0.000082
0.000082
0.000082
0.000082
0.000082
0.000082
0.000082
0.000082
0.000082
0.000082
0.000082
0.000082
0.000082
0.000082
0.000082
0.000082
0.000082
0.000082
0.000082
0.000082
0.000082
0.000082
0.000082
0.000082
0.000082
0.000082
0.000082
0.000082
0.000082
0.000082
0.000082
0.000082
0.000082
0.000082
0.000082
0.000082
0.000082
0.000082
0.000082
0.000082
0.000082
0.000082
0.000082
0.000082
0.000082
0.000082
0.000082
0.000082
0.000082
0.000082
0.000082
0.000082
0.000082
0.000082
0.000082
0.000082
0.000082
0.000082
0.000082
0.000082
0.000082
0.000082
0.000082
0.000082
0.000082
0.000082
0.000082
0.000082
0.000082
0.000082
0.000082
0.000082
0.000082
0.000082
0.000082
0.000082
0.000082
0.000082
0.000327
0.000074
0.000074
0.000074
0.000074
0.000074
0.000074
0.000079
0.000074
0.000074
0.000074
0.000074
0.000074
0.000074
0.000074
0.000074
0.000074
0.000074
0.000074
0.000074
0.000074
0.000074
0.000074
0.000074
0.000074
0.000074
0.000074
0.000074
0.000074
0.000074
0.000074
0.000074
0.000074
0.000074
0.000228
0.000096
0.000133
0.000146
0.000673
0.000079
0.000074
0.000074
0.000074
0.000074
0.000074
0.000074
0.000074
0.000074
0.000074
0.000074
0.000074
0.000074
0.000074
0.000074
0.000074
0.000074
0.000074
0.000074
0.000074
0.000201
0.000074
0.000074
0.000114
0.000074
0.000074
0.000074
0.000074
0.000095
0.000136
0.000074
0.001459
0.000227
0.000227
0.000227
0.000913
0.000283
0.000227
0.000227
0.000227
0.000227
0.000227
0.000227
0.000232
0.000074
0.000074
0.000074
0.000074
0.000074
0.000074
0.000074
0.000074
0.000074
0.000074
0.000074
0.000074
0.000074
0.000074
0.000074
0.000074
0.000074
0.000074
0.000074
0.000074
0.000074
0.000074
0.000074
0.000074
0.000077
0.000563
0.000099
0.000077
0.000298
0.000858
0.000086
0.000080
0.001068
0.000170
0.000378
0.000414
0.000276
0.000102
0.000110
0.000111
0.000581
0.000249
0.000102
0.000199
0.000092
0.000855
0.000077
0.000191
0.000689
0.000134
0.000245
0.000203
0.000524
0.001080
0.000096
0.000088
0.000482
0.000083
0.004573
0.000078
0.000086
0.000160
0.000150
0.000148
0.000963
0.000540
0.000505
0.000254
0.000077
0.000393
0.000231
0.000135
0.000482
0.000131
0.004347
0.000231
0.000089
0.000077
0.000295
0.000587
0.004206
0.000479
0.000081
0.000363
0.000220
0.000077
0.000241
0.000121
0.000119
0.000077
0.000673
0.000077
0.000077
0.000578
0.000104
0.000124
0.000387
0.000074
0.000074
0.000074
0.000074
0.000074
0.000074
0.000074
0.000074
0.000074
0.000074
0.000074
0.000074
0.000074
0.000074
0.000074
0.000074
0.000074
0.000074
0.000074
0.000074
0.000074
0.000074
0.000074
0.000074
0.000138
0.000138
0.000145
0.000138
0.000872
0.000151
0.000145
0.000138
0.000924
0.000726
0.000138
0.000074
0.000074
0.000074
0.000077
0.000077
0.000101
0.000083
0.000083
0.000083
0.000094
0.000094
0.000094
0.000094
0.000074
0.000762
0.000096
0.000083
0.000541
0.000145
0.000074
0.000519
0.000083
0.000083
0.000074
0.000074
0.000074
0.000074
0.000074
0.000074
0.000074
0.000074
0.000074
0.001730
0.002571
0.000074
0.000074
0.000074
0.000074
0.000074
0.000074
0.000074
0.000074
0.000074
0.000074
0.000085
0.000074
0.000074
0.000074
0.000074
0.000074
0.000077
0.000074
0.000074
0.000074
0.000074
0.000074
0.000074
0.000074
0.000074
0.000074
0.000074
0.000132
0.001655
0.000204
0.000204
0.000157
0.000204
0.000157
0.000157
0.000204
0.000079
0.000204
0.000204
0.000157
0.000074
0.000695
0.000100
0.000074
0.000074
0.000074
0.000074
0.000074
0.000445
0.000074
0.000367
0.000118
0.000074
0.000074
0.000381
0.000074
0.000074
0.000074
0.000177
0.000099
0.000099
0.000099
0.001936
0.000257
0.000154
0.000154
0.000086
0.000086
0.000154
0.000086
0.000134
0.000086
0.000238
0.000099
0.000086
0.000086
0.000086
0.000081
0.000086
0.000086
0.000074
0.000074
0.000170
0.000074
0.000170
0.000170
0.000077
0.000077
0.000077
0.000077
0.000077
0.000077
0.000077
0.000077
0.000077
0.000077
0.000077
0.000077
0.000077
0.000077
0.000077
0.000077
0.000077
0.000167
0.000167
0.000095
0.000095
0.000095
0.000095
0.000095
0.000074
0.000074
0.000231
0.000090
0.000090
0.000133
0.000082
0.000089
0.000095
0.000121
0.000078
0.000090
0.000078
0.000082
0.000082
0.000088
0.000079
0.000074
0.000074
0.000074
0.000074
0.000074
0.000074
0.000074
0.000074
0.000082
0.000074
0.000074
0.000074
0.000074
0.000074
0.000074
0.000074
0.000074
0.000074
0.000074
0.000074
0.000098
0.000074
0.000074
0.000074
0.000074
0.000074
0.000074
0.000843
0.001276
0.000843
0.001284
0.000355
0.000153
0.000153
0.000153
0.000756
0.000784
0.000756
0.000355
0.000784
0.000355
0.000290
0.000153
0.000088
0.000088
0.000088
0.000088
0.000426
0.000088
0.000088
0.000088
0.000088
0.000088
0.000088
0.000423
0.000355
0.000150
0.000412
0.000426
0.000412
0.000698
0.000525
0.000426
0.000426
0.000074
0.000074
0.000074
0.000074
0.000074
0.000074
0.000139
0.000074
0.000074
0.000074
0.000074
0.000074
0.000074
0.000074
0.000074
0.000074
0.000074
0.000074
0.000074
0.000074
0.000074
0.000074
0.000074
0.000074
0.000074
0.000074
0.000074
0.000074
0.000074
0.000074
0.000074
0.000074
0.000074
0.000074
0.000074
0.000074
0.000074
0.000074
0.000074
0.000074
0.000074
0.000074
0.000074
0.000190
0.000074
0.000074
0.000074
0.000074
0.000074
0.000074
0.000074
0.000074
0.000074
0.000074
0.000074
0.000074
0.000074
0.000074
0.000090
0.000074
0.000074
0.000074
0.000074
0.000074
0.000074
0.000074
0.000074
0.000074
0.000074
0.000088
0.000088
0.000151
0.000088
0.000088
0.000088
0.000088
0.000088
0.000088
0.000088
0.000088
0.000088
0.000088
0.000088
0.000088
0.000088
0.000109
0.000088
0.000088
0.000088
0.000088
0.000088
0.000088
0.000088
0.000088
0.000088
0.000088
0.000088
0.000088
0.000088
0.000088
0.000088
0.000088
0.000088
0.000088
0.000088
0.000088
0.000088
0.000088
0.000088
0.000088
0.000088
0.000088
0.000088
0.000088
0.000088
0.000088
0.000088
0.000088
0.000088
0.000088
0.000088
0.000088
0.000088
0.000074
0.000074
0.000074
0.000074
0.000129
0.000074
0.000074
0.000074
0.000074
0.000074
0.000129
0.000074
0.000074
0.000074
0.000074
0.000074
0.000074
0.000074
0.000074
0.000074
0.000074
0.000074
0.000074
0.000074
0.000074
0.000074
0.000074
0.000074
0.000074
0.000074
0.000080
0.000074
0.000074
0.000074
0.000074
0.000074
0.000074
0.000074
0.000074
0.000074
0.000074
0.000074
0.000074
0.000074
0.000074
0.000074
0.000074
0.000074
0.000074
0.000074
0.000074
0.000074
0.000074
0.000074
0.000074
0.000301
0.000074
0.000074
0.000172
0.000074
0.000074
0.001060
0.000074
0.000074
0.000074
0.000074
0.000074
0.000074
0.000074
0.000074
0.000074
0.000074
0.000074
0.000074
0.000074
0.000074
0.000074
0.000074
0.000074
0.000074
0.000074
0.000074
0.000074
0.000081
0.000074
0.000074
0.000074
0.000074
0.000074
0.000074
0.000074
0.000074
0.000074
0.000074
0.000074
0.000074
0.000074
0.000074
0.000074
0.000074
0.000074
0.000074
0.000074
0.000074
0.000074
0.000074
0.000074
0.000074
0.000074
0.000074
0.000074
0.000074
0.000074
0.000151
0.000074
0.000074
0.000074
0.000074
0.000075
0.000074
0.000074
0.000074
0.000074
0.000074
0.000074
0.000074
0.000074
0.000074
0.000074
0.000074
0.000074
0.000074
0.000074
0.000111
0.000074
0.000074
0.000074
0.000074
0.000074
0.000074
0.000074
0.000074
0.000074
0.000074
0.000074
0.000074
0.000074
0.000074
0.000074
0.000074
0.000074
0.000074
0.000074
0.000074
0.000074
0.000074
0.001487
0.000214
0.000225
0.000928
0.000074
0.000102
0.000111
0.000081
0.000102
0.000108
0.000102
0.000231
0.000222
0.000231
0.000074
0.000074
0.000074
0.000074
0.000074
0.000074
0.000074
0.000106
0.000075
0.000074
0.000074
0.000074
0.000074
0.000074
0.000074
0.000074
0.000074
0.000074
0.000074
0.000074
0.000074
0.000074
0.000074
0.000074
0.000074
0.000074
0.000182
0.000074
0.000085
0.000074
0.000074
0.000074
0.000074
0.000074
0.000074
0.000074
0.000074
0.000074
0.000074
0.000074
0.000074
0.000074
0.000074
0.000074
0.000074
0.000074
0.000074
0.000138
0.000138
0.000138
0.000074
0.000074
0.000074
0.000074
0.000074
0.000074
0.000074
0.000074
0.000074
0.000074
0.000451
0.000634
0.000885
0.000074
0.000074
0.000074
0.000074
0.000827
0.000074
0.000074
0.000085
0.000074
0.000074
0.001845
0.000081
0.001383
0.001383
0.001383
0.000803
0.000397
0.000377
0.000113
0.000074
0.000074
0.000106
0.000074
0.000074
0.000087
0.000074
0.000416
0.000074
0.000074
0.000074
0.000074
0.000074
0.000074
0.000074
0.000074
0.000074
0.000074
0.000074
0.000074
0.000074
0.000074
0.000074
0.000074
0.000074
0.000074
0.000074
0.000074
0.000337
0.000079
0.000079
0.000079
0.000079
0.000079
0.000079
0.000079
0.000079
0.000079
0.000079
0.000079
0.000079
0.000079
0.000079
0.000079
0.000079
0.000079
0.000079
0.000079
0.000079
0.000079
0.000079
0.000079
0.000079
0.000079
0.000079
0.000079
0.000079
0.000079
0.000079
0.000079
0.000079
0.000079
0.000079
0.000079
0.000079
0.000079
0.000079
0.000079
0.000079
0.000079
0.000079
0.000079
0.000079
0.000079
0.000079
0.000079
0.000079
0.000079
0.000079
0.000079
0.000079
0.000074
0.000078
0.000108
0.000074
0.000233
0.000074
0.000169
0.000074
0.000074
0.000076
0.000074
0.000074
0.000074
0.000074
0.000074
0.000074
0.000074
0.000074
0.000074
0.000074
0.000074
0.001107
0.000074
0.000074
0.000074
0.000074
0.000074
0.000074
0.000074
0.000074
0.000074
0.000074
0.000074
0.000074
0.000074
0.000074
0.000074
0.000074
0.000074
0.000074
0.000074
0.000074
0.000074
0.000074
0.000074
0.000074
0.000074
0.000074
0.000074
0.000074
0.000074
0.000141
0.000135
0.000845
0.000940
0.000089
0.000150
0.000089
0.000165
0.000186
0.000135
0.000095
0.000074
0.000074
0.000074
0.000074
0.000074
0.000074
0.000074
0.000074
0.000074
0.000074
0.000074
0.000074
0.000076
0.000074
0.000074
0.000074
0.000074
0.000074
0.000074
0.000074
0.000074
0.000074
0.000074
0.000074
0.000074
0.000074
0.000074
0.000074
0.000074
0.000074
0.000074
0.000074
0.000074
0.000074
0.000074
0.000074
0.000074
0.000074
0.000074
0.000074
0.000074
0.000074
0.000074
0.000074
0.000083
0.000074
0.000074
0.000074
0.000074
0.000074
0.000074
0.000074
0.000074
0.000074
0.000074
0.000074
0.000074
0.000074
0.000074
0.000085
0.000085
0.000085
0.000085
0.000103
0.000085
0.000103
0.000085
0.000085
0.000085
0.000100
0.000085
0.000085
0.000085
0.000085
0.000089
0.000085
0.000085
0.000085
0.000085
0.000085
0.000136
0.000151
0.000364
0.000302
0.000136
0.000074
0.000074
0.000074
0.000074
0.000169
0.000197
0.000074
0.000081
0.000074
0.000230
0.000074
0.000074
0.000074
0.000074
0.000074
0.000074
0.000085
0.000074
0.000074
0.000074
0.000074
0.000074
0.000074
0.000074
0.000084
0.000657
0.000081
0.000080
0.000074
0.000074
0.000074
0.000074
0.000074
0.000074
0.000074
0.000074
0.000074
0.000074
0.000074
0.000074
0.000074
0.000074
0.000074
0.000074
0.000074
0.000074
0.000074
0.000074
0.000074
0.000074
0.000074
0.000074
0.000074
0.000074
0.000074
0.000074
0.000074
0.000074
0.000074
0.000074
0.000074
0.000074
0.000074
0.000074
0.000074
0.000074
0.000074
0.000074
0.000074
0.000074
0.000074
0.000074
0.000074
0.000074
0.000074
0.000074
0.000074
0.000074
0.000074
0.000074
0.000074
0.000074
0.000074
0.000074
0.000074
0.000074
0.000074
0.000074
0.000074
0.000074
0.000093
0.000085
0.000085
0.000085
0.000103
0.000392
0.000093
0.000103
0.000074
0.000183
0.000707
0.000110
0.000103
0.000132
0.000171
0.000229
0.000103
0.000117
0.000103
0.000103
0.000103
0.000103
0.000103
0.000103
0.000120
0.000103
0.000121
0.000074
0.000074
0.000074
0.000076
0.000074
0.000074
0.000074
0.000074
0.000074
0.000074
0.000074
0.000074
0.000074
0.000074
0.000074
0.000184
0.000285
0.000442
0.000074
0.000074
0.000074
0.000074
0.000074
0.000074
0.000074
0.000074
0.000074
0.000074
0.000074
0.000074
0.001545
0.000074
0.000074
0.000074
0.000074
0.000074
0.000074
0.000074
0.000074
0.000074
0.000074
0.000074
0.000074
0.000074
0.000074
0.000074
0.000480
0.000480
0.000480
0.000480
0.000480
0.000480
0.000480
0.000082
0.000082
0.000082
0.000182
0.000074
0.000284
0.001065
0.000074
0.000074
0.000074
0.000074
0.000074
0.000074
0.000074
0.000074
0.000074
0.000074
0.000074
0.000074
0.000074
0.000074
0.000074
0.000074
0.000074
0.000074
0.000074
0.000074
0.000074
0.000074
0.000074
0.000074
0.000074
0.000074
0.000074
0.000074
0.000074
0.000074
0.000074
0.000074
0.000074
0.000074
0.000074
0.000074
0.000074
0.000074
0.000074
0.000074
0.000074
0.000074
0.000074
0.000074
0.000074
0.000074
0.000074
0.000074
0.000074
0.000074
0.000074
0.000074
0.000074
0.000074
0.000074
0.000074
0.000074
0.000074
0.000074
0.000074
0.000074
0.000074
0.000074
0.000074
0.000090
0.000074
0.000074
0.000074
0.000074
0.000074
0.000074
0.000074
0.000074
0.000074
0.000074
0.000074
0.000074
0.000074
0.000203
0.000203
0.000074
0.000203
0.000203
0.000203
0.000074
0.000319
0.000319
0.000074
0.000074
0.000074
0.000074
0.000074
0.000074
0.000074
0.000074
0.000074
0.000074
0.000074
0.000074
0.000074
0.000074
0.000074
0.000074
0.000074
0.000074
0.000074
0.000074
0.000074
0.000074
0.000074
0.000214
0.000074
0.000074
0.000074
0.000074
0.000101
0.000532
0.000271
0.000271
0.000271
0.000271
0.000271
0.000334
0.000334
0.000334
0.000334
0.000271
0.000271
0.000271
0.000271
0.000271
0.000532
0.000532
0.000532
0.000532
0.000532
0.000532
0.000532
0.000131
0.000271
0.000074
0.000074
0.000074
0.000074
0.000074
0.000074
0.000074
0.000074
0.000074
0.000178
0.000074
0.000074
0.000074
0.000074
0.000074
0.000074
0.000106
0.000074
0.000074
0.000074
0.000074
0.000074
0.000074
0.000074
0.000074
0.000075
0.000090
0.000074
0.000074
0.000074
0.000074
0.000074
0.000074
0.000955
0.000074
0.001015
0.001088
0.001088
0.001036
0.000074
0.000074
0.000074
0.000074
0.000074
0.000074
0.000074
0.000074
0.000074
0.000074
0.000074
0.000074
0.000074
0.000074
0.000074
0.000074
0.000074
0.000074
0.000074
0.000074
0.000074
0.000074
0.000074
0.000074
0.000074
0.000074
0.000074
0.000074
0.000074
0.000074
0.000074
0.000074
0.000074
0.000074
0.000074
0.000074
0.000074
0.000074
0.000074
0.000074
0.000074
0.000074
0.000074
0.000074
0.000074
0.000074
0.000074
0.000074
0.000074
0.000154
0.000124
0.000471
0.000163
0.000903
0.000078
0.000116
0.000078
0.000195
0.000422
0.000078
0.000091
0.000250
0.000074
0.000074
0.000132
0.000074
0.000074
0.000074
0.000074
0.000074
0.000074
0.000074
0.000117
0.000202
0.000074
0.000074
0.000074
0.000074
0.000074
0.000074
0.000074
0.000074
0.000074
0.000074
0.000074
0.000074
0.000074
0.000074
0.002898
0.000119
0.000119
0.000119
0.000119
0.000119
0.000158
0.000074
0.000081
0.000074
0.000074
0.000074
0.000074
0.000074
0.000074
0.000074
0.000138
0.000074
0.000074
0.000074
0.000074
0.000178
0.000178
0.000178
0.000178
0.000074
0.000074
0.000075
0.000074
0.000074
0.000074
0.000074
0.000074
0.000074
0.000074
0.000074
0.000074
0.000074
0.000074
0.000074
0.000074
0.000074
0.000074
0.000074
0.000074
0.000074
0.000095
0.003601
0.000196
0.000074
0.000074
0.000074
0.000074
0.000074
0.000074
0.000074
0.000074
0.000074
0.000077
0.000074
0.000074
0.000074
0.000074
0.000074
0.000096
0.000074
0.000074
0.000074
0.000074
0.000074
0.000074
0.000074
0.000074
0.000074
0.000074
0.000074
0.000085
0.000887
0.000413
0.000210
0.000074
0.000369
0.000290
0.000085
0.000212
0.000074
0.000074
0.000106
0.000085
0.000085
0.000094
0.000177
0.000085
0.000101
0.000085
0.000086
0.000085
0.000085
0.000085
0.000085
0.000147
0.000085
0.000085
0.000085
0.000085
0.000085
0.000074
0.000074
0.000138
0.000074
0.000074
0.000074
0.000074
0.000074
0.000074
0.000074
0.000074
0.000074
0.000074
0.000074
0.000074
0.000074
0.000074
0.000074
0.000074
0.000074
0.000074
0.000074
0.000074
0.000074
0.000074
0.000074
0.000074
0.000074
0.000074
0.000074
0.000074
0.000074
0.000106
0.000627
0.000074
0.000384
0.000950
0.000231
0.000263
0.000174
0.000168
0.000113
0.000231
0.000231
0.000246
0.000246
0.000246
0.000246
0.000197
0.000074
0.000074
0.000074
0.000090
0.000074
0.000074
0.000074
0.000074
0.000074
0.000074
0.000074
0.000074
0.000074
0.000074
0.000074
0.000074
0.000074
0.000074
0.000074
0.000074
0.000074
0.000074
0.000074
0.000074
0.000074
0.000074
0.000074
0.000074
0.000074
0.000074
0.000074
0.000074
0.000079
0.000079
0.000079
0.000079
0.000079
0.000079
0.000079
0.000079
0.000079
0.000079
0.000079
0.000079
0.000074
0.000074
0.000079
0.000079
0.000914
0.000074
0.000074
0.000074
0.000074
0.000074
0.000074
0.000074
0.000074
0.000074
0.000074
0.000074
0.000074
0.000074
0.000074
0.000074
0.000074
0.000074
0.000074
0.000074
0.000074
0.000074
0.000074
0.000074
0.000074
0.000074
0.000074
0.000086
0.000074
0.000074
0.000074
0.000074
0.000074
0.000074
0.000074
0.000074
0.000074
0.000074
0.000189
0.000184
0.000184
0.000184
0.000184
0.000184
0.000184
0.000184
0.000184
0.000074
0.000074
0.000074
0.000074
0.000074
0.000074
0.000074
0.000074
0.000074
0.000074
0.000074
0.000074
0.000074
0.000074
0.000074
0.000074
0.000074
0.000074
0.000074
0.000074
0.000074
0.000074
0.000074
0.000074
0.000074
0.000074
0.000074
0.000074
0.000074
0.000270
0.000119
0.000189
0.000173
0.000351
0.000074
0.000074
0.000090
0.000074
0.000074
0.000074
0.000074
0.000074
0.000074
0.000074
0.001226
0.000074
0.000074
0.000074
0.000074
0.000074
0.000074
0.000074
0.000074
0.000074
0.000074
0.000074
0.000074
0.000081
0.000074
0.001535
0.000189
0.000249
0.000503
0.000204
0.000196
0.001196
0.000074
0.000074
0.000074
0.000074
0.000074
0.000074
0.000074
0.000074
0.000074
0.000075
0.000074
0.000074
0.000074
0.000074
0.000074
0.000074
0.000074
0.000074
0.000085
0.000075
0.000074
0.000074
0.000074
0.000074
0.000074
0.000074
0.000075
0.000074
0.000074
0.000074
0.000074
0.000075
0.000074
0.000074
0.000074
0.000074
0.000074
0.000074
0.000074
0.000074
0.000074
0.000074
0.000074
0.000074
0.000074
0.000074
0.000075
0.000074
0.000074
0.002203
0.000074
0.000074
0.000082
0.000074
0.000074
0.000074
0.000143
0.000074
0.000074
0.000074
0.000074
0.000074
0.000074
0.000074
0.000074
0.000074
0.000074
0.000074
0.000074
0.000074
0.000074
0.000074
0.000074
0.000074
0.000074
0.000074
0.000074
0.000169
0.000074
0.000074
0.000074
0.000074
0.000074
0.000074
0.000145
0.000074
0.000074
0.000074
0.000074
0.000074
0.000074
0.000074
0.000074
0.000074
0.000074
0.000074
0.000074
0.000074
0.000074
0.000074
0.000074
0.000074
0.000074
0.000074
0.000074
0.000074
0.000138
0.000095
0.000074
0.000074
0.000138
0.000074
0.000268
0.000135
0.000114
0.000567
0.000253
0.000114
0.001255
0.001629
0.000130
0.000074
0.000074
0.000074
0.000074
0.000074
0.000074
0.000074
0.000074
0.000074
0.000074
0.000074
0.000074
0.000138
0.000074
0.000074
0.000684
0.000093
0.000115
0.000093
0.000115
0.000082
0.000093
0.000628
0.000384
0.000076
0.000076
0.000076
0.000076
0.000076
0.000076
0.000076
0.000076
0.000076
0.000076
0.000076
0.000076
0.000076
0.000076
0.000076
0.000076
0.000076
0.000076
0.000076
0.000076
0.000076
0.000076
0.000076
0.000076
0.000076
0.000076
0.000076
0.000076
0.000076
0.000076
0.000076
0.000076
0.000076
0.000076
0.000076
0.000076
0.000076
0.000076
0.000076
0.000076
0.000076
0.000076
0.000076
0.000076
0.000076
0.000076
0.000076
0.000076
0.000076
0.000076
0.000076
0.000076
0.000074
0.000074
0.000185
0.000185
0.000074
0.000074
0.000074
0.000074
0.000074
0.000074
0.000074
0.000074
0.000074
0.000074
0.000074
0.000074
0.000074
0.000074
0.000074
0.000074
0.000074
0.000074
0.000074
0.000074
0.000074
0.000074
0.000074
0.000074
0.000074
0.000074
0.000074
0.000074
0.000074
0.000074
0.000074
0.000077
0.000074
0.000074
0.000074
0.000074
0.000074
0.000074
0.000074
0.000074
0.000074
0.000074
0.000074
0.000074
0.000074
0.000074
0.000074
0.000074
0.000074
0.000074
0.000074
0.000075
0.000074
0.000074
0.000074
0.000074
0.000074
0.000074
0.000074
0.000074
0.000074
0.000074
0.000074
0.000113
0.000074
0.000074
0.000074
0.000074
0.000074
0.000074
0.000074
0.000074
0.000074
0.000074
0.000074
0.000074
0.000230
0.000230
0.000230
0.000597
0.000652
0.000320
0.000320
0.000612
0.000120
0.000230
0.000840
0.000096
0.000096
0.000143
0.000096
0.000096
0.000096
0.000096
0.000096
0.000096
0.000096
0.000096
0.000096
0.000096
0.000096
0.000096
0.000096
0.000096
0.000105
0.000138
0.000263
0.000074
0.000150
0.000214
0.000074
0.000074
0.000092
0.000092
0.000152
0.000092
0.000363
0.000309
0.000193
0.000138
0.000191
0.000098
0.000162
0.000145
0.000170
0.000092
0.000092
0.000092
0.000095
0.000074
0.000074
0.000074
0.000074
0.000074
0.000074
0.000074
0.000087
0.000074
0.000074
0.000074
0.000074
0.000074
0.000126
0.000111
0.000111
0.000201
0.000120
0.000126
0.000074
0.000074
0.000074
0.000074
0.002736
0.000074
0.000074
0.000074
0.000074
0.000074
0.000074
0.000074
0.000074
0.000074
0.000074
0.000074
0.000074
0.000160
0.000074
0.000082
0.000227
0.000171
0.000514
0.000082
0.000082
0.000164
0.000939
0.000939
0.000939
0.000939
0.000939
0.000939
0.000939
0.002615
0.000074
0.000115
0.000085
0.000085
0.000142
0.000075
0.000078
0.000075
0.000270
0.000099
0.000079
0.000075
0.000102
0.000075
0.000078
0.000079
0.000339
0.000078
0.000103
0.000075
0.000078
0.000078
0.000093
0.000082
0.000078
0.000157
0.000080
0.000078
0.000077
0.000078
0.000077
0.000079
0.000113
0.002006
0.000078
0.000163
0.000094
0.000079
0.000078
0.000090
0.000078
0.000239
0.000158
0.000089
0.000075
0.000085
0.000078
0.000077
0.000089
0.000101
0.000085
0.000078
0.000080
0.000112
0.000087
0.000078
0.000081
0.000076
0.000080
0.000103
0.000187
0.000085
0.000077
0.000079
0.000077
0.000077
0.000078
0.000075
0.000110
0.000103
0.000077
0.000076
0.000077
0.000078
0.000078
0.000088
0.000080
0.000146
0.000078
0.000078
0.000079
0.000156
0.000094
0.000080
0.000087
0.000163
0.000076
0.000174
0.000081
0.000077
0.000079
0.000075
0.000104
0.000077
0.000110
0.000077
0.000077
0.000195
0.000077
0.000080
0.000082
0.000076
0.000200
0.000079
0.000098
0.000087
0.000082
0.000076
0.000075
0.000077
0.000077
0.000077
0.000078
0.000080
0.000075
0.000078
0.000100
0.000080
0.000077
0.000081
0.000079
0.000074
0.000085
0.000085
0.000074
0.000074
0.000074
0.000074
0.000074
0.000074
0.000074
0.000115
0.000115
0.000074
0.000074
0.000074
0.000074
0.000106
0.000074
0.000074
0.000074
0.000074
0.000341
0.000152
0.000162
0.000218
0.000359
0.000074
0.000074
0.000074
0.000074
0.000074
0.000074
0.000232
0.000074
0.000115
0.000096
0.000094
0.000126
0.000094
0.000206
0.000157
0.000202
0.000094
0.000380
0.000209
0.000195
0.000074
0.000074
0.000074
0.000074
0.000115
0.000074
0.000074
0.000074
0.000074
0.000074
0.000074
0.000074
0.000074
0.000074
0.000074
0.000074
0.000237
0.000074
0.000074
0.000074
0.000074
0.000074
0.000074
0.000074
0.000074
0.000074
0.000074
0.000074
0.000074
0.000074
0.000074
0.000074
0.000081
0.000074
0.000074
0.000074
0.000074
0.000083
0.000083
0.000083
0.000083
0.000083
0.000083
0.000083
0.000083
0.000083
0.000083
0.000083
0.000083
0.000083
0.000083
0.000083
0.000083
0.000083
0.000083
0.000083
0.000083
0.000083
0.000083
0.000083
0.000083
0.000083
0.000083
0.000083
0.000119
0.000083
0.000083
0.000083
0.000083
0.000083
0.000083
0.000119
0.000083
0.000083
0.000083
0.000074
0.000074
0.000074
0.000074
0.000074
0.000074
0.000222
0.000127
0.000074
0.000074
0.000074
0.000074
0.000074
0.000074
0.000074
0.000074
0.000074
0.000074
0.000074
0.000074
0.000074
0.000074
0.000074
0.000074
0.000074
0.000074
0.000074
0.000074
0.000074
0.000074
0.000074
0.000074
0.000074
0.000074
0.000074
0.000074
0.000074
0.000074
0.000074
0.000074
0.000074
0.000074
0.000074
0.000074
0.000074
0.000074
0.000074
0.000074
0.000074
0.001402
0.000074
0.000074
0.000074
0.000074
0.000074
0.000074
0.000074
0.000074
0.000074
0.000074
0.000074
0.000074
0.000074
0.000074
0.000074
0.000074
0.000074
0.000074
0.000074
0.000074
0.000074
0.000074
0.000074
0.000074
0.000354
0.000337
0.000199
0.000294
0.000404
0.000249
0.000074
0.000074
0.000074
0.000106
0.000074
0.000074
0.000074
0.000074
0.000074
0.000074
0.000074
0.000074
0.000074
0.000074
0.000074
0.000074
0.000074
0.000106
0.000074
0.000090
0.000074
0.000074
0.000325
0.000118
0.000172
0.000074
0.000074
0.000074
0.000080
0.000224
0.000169
0.000080
0.000080
0.000074
0.000176
0.000081
0.000145
0.000081
0.000081
0.000081
0.000081
0.000081
0.000208
0.000081
0.000081
0.000081
0.000081
0.000081
0.000086
0.000211
0.000086
0.000149
0.000084
0.000086
0.000149
0.000086
0.000118
0.000086
0.000086
0.000086
0.000102
0.000182
0.000087
0.000087
0.000087
0.000087
0.000087
0.000087
0.000087
0.000087
0.000087
0.000087
0.000087
0.000087
0.000087
0.000087
0.000087
0.000087
0.000087
0.000087
0.000087
0.000087
0.000087
0.000087
0.000087
0.000087
0.000087
0.000087
0.000087
0.000087
0.000087
0.000087
0.000087
0.000087
0.000087
0.000150
0.000087
0.000087
0.000087
0.000087
0.000087
0.000087
0.000087
0.000087
0.000087
0.000087
0.000087
0.000087
0.000087
0.000087
0.000087
0.000087
0.000087
0.000087
0.000087
0.000087
0.000087
0.000087
0.000087
0.000087
0.000150
0.000087
0.000087
0.000074
0.000074
0.000074
0.000074
0.000074
0.000074
0.000074
0.000074
0.000074
0.000074
0.000074
0.000074
0.000074
0.000074
0.000074
0.000074
0.000074
0.000074
0.000074
0.000074
0.000934
0.001394
0.000469
0.001083
0.000074
0.000074
0.000076
0.000076
0.000076
0.000076
0.000076
0.000076
0.000076
0.000112
0.000076
0.000120
0.000076
0.000101
0.000076
0.000107
0.000076
0.000081
0.000076
0.001999
0.000076
0.000081
0.000076
0.000147
0.000076
0.000079
0.000076
0.000076
0.000076
0.000076
0.000076
0.000076
0.000076
0.000076
0.000076
0.000076
0.000076
0.000076
0.000076
0.000076
0.000076
0.000076
0.000076
0.000076
0.004096
0.000166
0.000385
0.000298
0.000223
0.000074
0.000074
0.000074
0.000074
0.000074
0.000074
0.000074
0.000074
0.000074
0.000074
0.000074
0.000074
0.000074
0.000074
0.000074
0.000074
0.000074
0.000074
0.000074
0.000074
0.000074
0.001168
0.000074
0.000074
0.000074
0.000074
0.000074
0.000074
0.000074
0.000074
0.000074
0.000074
0.000074
0.000074
0.000074
0.000185
0.000074
0.000074
0.000074
0.000074
0.000074
0.000074
0.000074
0.000074
0.000074
0.000074
0.000106
0.000074
0.000074
0.000074
0.000074
0.000074
0.000074
0.000074
0.000074
0.000074
0.000074
0.000074
0.000074
0.000074
0.000074
0.000074
0.000074
0.000074
0.000074
0.000074
0.000074
0.000106
0.000232
0.000231
0.000106
0.000479
0.000106
0.000231
0.000074
0.000074
0.000074
0.000074
0.000074
0.000074
0.000074
0.000074
0.000074
0.000074
0.000074
0.000271
0.000074
0.000074
0.000074
0.000074
0.000310
0.000310
0.000310
0.000310
0.000310
0.000310
0.000310
0.000310
0.000310
0.000310
0.000310
0.000310
0.000310
0.000310
0.000310
0.000310
0.000310
0.000310
0.000310
0.000310
0.000310
0.000310
0.000310
0.000310
0.000088
0.000088
0.000075
0.000075
0.000075
0.000075
0.000075
0.000075
0.000088
0.000075
0.000075
0.000075
0.000075
0.000310
0.000075
0.000075
0.000075
0.000075
0.000075
0.000075
0.000075
0.000075
0.000075
0.000075
0.000075
0.000075
0.000075
0.000075
0.000075
0.000075
0.000075
0.000075
0.000075
0.000075
0.000075
0.000075
0.000075
0.000075
0.000075
0.000075
0.000075
0.000075
0.000075
0.000075
0.000075
0.000075
0.000088
0.000075
0.000075
0.000075
0.000088
0.000075
0.000074
0.000074
0.006909
0.000297
0.000297
0.000297
0.000074
0.000074
0.000074
0.000074
0.000074
0.000074
0.000074
0.000074
0.000074
0.000074
0.000074
0.000074
0.000074
0.000102
0.000102
0.000171
0.000074
0.000074
0.000214
0.000082
0.000074
0.000074
0.000074
0.000074
0.000099
0.001423
0.000110
0.000531
0.000474
0.000407
0.000099
0.000099
0.000084
0.000084
0.000207
0.000626
0.000074
0.000074
0.000074
0.000194
0.000074
0.000074
0.000074
0.000074
0.000074
0.000074
0.000074
0.000086
0.000074
0.000074
0.000085
0.000124
0.000074
0.000074
0.000074
0.000074
0.000078
0.000074
0.000074
0.000074
0.000273
0.000074
0.000074
0.000183
0.002091
0.002091
0.000308
0.000308
0.002091
0.000308
0.000260
0.000308
0.000308
0.000308
0.000308
0.000308
0.000308
0.000308
0.000308
0.000308
0.000308
0.000308
0.000308
0.000308
0.000308
0.000308
0.000308
0.000308
0.000308
0.000308
0.000308
0.000308
0.000260
0.000199
0.000074
0.000079
0.000141
0.000074
0.001289
0.000183
0.000176
0.000415
0.001393
0.000475
0.000426
0.000397
0.000314
0.000074
0.000074
0.000074
0.000074
0.000111
0.000074
0.000074
0.000701
0.000074
0.000074
0.000074
0.000074
0.000074
0.000074
0.000075
0.000074
0.000074
0.000074
0.000074
0.000074
0.000074
0.000074
0.000074
0.000074
0.000074
0.000074
0.000074
0.000074
0.000074
0.000074
0.000074
0.000074
0.000086
0.000074
0.000074
0.000074
0.000074
0.000074
0.000074
0.000074
0.000074
0.000074
0.000074
0.000074
0.000074
0.000074
0.000074
0.000074
0.000074
0.000074
0.000074
0.000074
0.000074
0.000074
0.000074
0.000074
0.000074
0.000074
0.000074
0.000074
0.000074
0.000118
0.000126
0.000126
0.000126
0.000126
0.000643
0.000643
0.000074
0.000074
0.000074
0.000074
0.000074
0.000141
0.000074
0.000074
0.000074
0.000074
0.000074
0.000074
0.000128
0.000074
0.000207
0.000673
0.000126
0.000126
0.000312
0.000074
0.000074
0.000074
0.000074
0.000075
0.000074
0.000074
0.000074
0.000074
0.000118
0.000074
0.000074
0.000354
0.000354
0.000354
0.000074
0.000074
0.000074
0.000074
0.000074
0.000074
0.000074
0.000074
0.000074
0.000074
0.000074
0.000074
0.000074
0.000074
0.000074
0.000074
0.000532
0.000140
0.000074
0.000105
0.000152
0.000105
0.000105
0.000105
0.000105
0.000074
0.000074
0.000074
0.000074
0.000074
0.000074
0.000074
0.000074
0.000074
0.000074
0.000074
0.000074
0.000074
0.000074
0.000074
0.000074
0.000074
0.000074
0.000074
0.000074
0.000074
0.000074
0.000074
0.000074
0.000074
0.000074
0.000074
0.000074
0.000074
0.000074
0.000074
0.000074
0.000074
0.000074
0.000074
0.000074
0.000295
0.000289
0.000153
0.000129
0.000078
0.000078
0.000078
0.000078
0.000078
0.000078
0.000078
0.000078
0.000078
0.000078
0.000078
0.000078
0.000078
0.000078
0.000078
0.000078
0.000078
0.000078
0.000078
0.000078
0.000078
0.000078
0.000078
0.000078
0.000078
0.000078
0.000078
0.000078
0.000078
0.000078
0.000078
0.000078
0.000078
0.000078
0.000230
0.000153
0.000207
0.000089
0.000101
0.000078
0.000089
0.000282
0.000102
0.000271
0.000200
0.000203
0.000266
0.000266
0.000145
0.000170
0.000074
0.000078
0.000074
0.000074
0.000074
0.000074
0.000074
0.000369
0.000346
0.000260
0.000320
0.000326
0.000317
0.000186
0.000324
0.000266
0.000571
0.000421
0.000319
0.000191
0.000191
0.000191
0.000191
0.000343
0.000074
0.000074
0.000074
0.000074
0.000074
0.000074
0.000141
0.000074
0.000074
0.000074
0.000074
0.000074
0.000074
0.000074
0.000074
0.000074
0.000074
0.000074
0.000074
0.000074
0.000074
0.000074
0.000074
0.000074
0.000074
0.000074
0.000074
0.000074
0.000074
0.000074
0.000074
0.000074
0.000074
0.000074
0.000074
0.000074
0.000087
0.000074
0.000074
0.000074
0.000074
0.000074
0.000074
0.000074
0.000074
0.000074
0.000080
0.000244
0.000144
0.000080
0.000080
0.000498
0.000080
0.000188
0.000128
0.000080
0.000080
0.000074
0.000238
0.000269
0.000074
0.000074
0.000074
0.000074
0.000074
0.000074
0.000074
0.000074
0.000110
0.000074
0.000074
0.000074
0.000074
0.000074
0.000074
0.000074
0.000074
0.000074
0.000074
0.000074
0.000138
0.000074
0.000074
0.000074
0.000074
0.000074
0.000074
0.000080
0.000205
0.000132
0.000080
0.000080
0.000074
0.000074
0.000084
0.000194
0.000129
0.000084
0.000084
0.000074
0.000074
0.000074
0.000074
0.000074
0.000074
0.000074
0.000090
0.000079
0.000079
0.000079
0.000079
0.000079
0.000079
0.000079
0.000079
0.000079
0.000079
0.000079
0.000079
0.000079
0.000079
0.000079
0.000079
0.000074
0.000074
0.000074
0.000074
0.000074
0.000074
0.000074
0.000074
0.000074
0.000074
0.000074
0.000074
0.000074
0.000079
0.000079
0.000090
0.000121
0.000121
0.000090
0.000090
0.000074
0.000079
0.000074
0.000074
0.000074
0.000074
0.001502
0.000074
0.000074
0.000074
0.000122
0.000117
0.000080
0.000080
0.000080
0.000080
0.000080
0.000080
0.000080
0.000080
0.000080
0.000074
0.000836
0.000080
0.000095
0.000445
0.000596
0.000081
0.000074
0.000074
0.000074
0.000074
0.000074
0.000074
0.000074
0.000074
0.000074
0.000074
0.000074
0.000191
0.000191
0.000074
0.000075
0.000074
0.000075
0.000074
0.000074
